Loss recording

0.3484 
0.1568 
0.2136 
0.1722 
0.0633 
0.1880 
0.2140 
0.3790 
0.1780 
0.1705 
0.1985 
0.1771 
0.2882 
0.1572 
0.2030 
0.2700 
0.2058 
0.3957 
0.1679 
0.1533 
0.3800 
0.1968 
0.1352 
0.3341 
0.1730 
0.2552 
0.2351 
0.1378 
0.1979 
0.1946 
0.2719 
0.2401 
0.2892 
0.1728 
0.2096 
0.1332 
0.2075 
0.1936 
0.0987 
0.1624 
0.2938 
0.2633 
0.1371 
0.1592 
0.1991 
0.1881 
0.1593 
0.2444 
0.1829 
0.2269 
0.1564 
0.2746 
0.3982 
0.2971 
0.2266 
0.2032 
0.3615 
0.0759 
0.3281 
0.3606 
0.3152 
0.2405 
0.2055 
0.1949 
0.3763 
0.0818 
0.4965 
0.2816 
0.2785 
0.1308 
0.1987 
0.2243 
0.2330 
0.2100 
0.3731 
0.2011 
0.2690 
0.0606 
0.2427 
0.2094 
0.1583 
0.1356 
0.3788 
0.5170 
0.2432 
0.0741 
0.1651 
0.1983 
0.2112 
0.2738 
0.2571 
0.1987 
0.1977 
0.2669 
0.2904 
0.2398 
0.1113 
0.3954 
0.3171 
0.2415 
0.1829 
0.1967 
0.1683 
0.1656 
0.2156 
0.1393 
0.1473 
0.0608 
0.1976 
0.2014 
0.1411 
0.2054 
0.2306 
0.4060 
0.2220 
0.1798 
0.2011 
0.1594 
0.3166 
0.2226 
0.1606 
0.2179 
0.1814 
0.1651 
0.1721 
0.2389 
0.1358 
0.0709 
0.2941 
0.4421 
0.2109 
0.1543 
0.1268 
0.1478 
0.1632 
0.1747 
0.3083 
0.1686 
0.2298 
0.3076 
0.2222 
0.2741 
0.2578 
0.1525 
0.1924 
0.1176 
0.1614 
0.3655 
0.1330 
0.4134 
